(kicad_pcb (version 20171130) (host pcbnew "(5.1.8)-1")

  (general
    (thickness 1.6)
    (drawings 85)
    (tracks 350)
    (zones 0)
    (modules 54)
    (nets 7)
  )

  (page A4)
  (layers
    (0 F.Cu signal)
    (31 B.Cu signal)
    (32 B.Adhes user)
    (33 F.Adhes user)
    (34 B.Paste user)
    (35 F.Paste user)
    (36 B.SilkS user)
    (37 F.SilkS user)
    (38 B.Mask user)
    (39 F.Mask user)
    (40 Dwgs.User user hide)
    (41 Cmts.User user hide)
    (42 Eco1.User user)
    (43 Eco2.User user)
    (44 Edge.Cuts user)
    (45 Margin user)
    (46 B.CrtYd user)
    (47 F.CrtYd user)
    (48 B.Fab user hide)
    (49 F.Fab user hide)
  )

  (setup
    (last_trace_width 0.25)
    (user_trace_width 0.5)
    (trace_clearance 0.2)
    (zone_clearance 0.508)
    (zone_45_only no)
    (trace_min 0.2)
    (via_size 0.8)
    (via_drill 0.4)
    (via_min_size 0.4)
    (via_min_drill 0.3)
    (uvia_size 0.3)
    (uvia_drill 0.1)
    (uvias_allowed no)
    (uvia_min_size 0.2)
    (uvia_min_drill 0.1)
    (edge_width 0.05)
    (segment_width 0.2)
    (pcb_text_width 0.3)
    (pcb_text_size 1.5 1.5)
    (mod_edge_width 0.12)
    (mod_text_size 1 1)
    (mod_text_width 0.15)
    (pad_size 1.524 1.524)
    (pad_drill 0.762)
    (pad_to_mask_clearance 0)
    (aux_axis_origin 100 100)
    (visible_elements 7FFFFFFF)
    (pcbplotparams
      (layerselection 0x010f0_ffffffff)
      (usegerberextensions true)
      (usegerberattributes true)
      (usegerberadvancedattributes true)
      (creategerberjobfile true)
      (excludeedgelayer true)
      (linewidth 0.100000)
      (plotframeref false)
      (viasonmask false)
      (mode 1)
      (useauxorigin false)
      (hpglpennumber 1)
      (hpglpenspeed 20)
      (hpglpendiameter 15.000000)
      (psnegative false)
      (psa4output false)
      (plotreference true)
      (plotvalue true)
      (plotinvisibletext false)
      (padsonsilk false)
      (subtractmaskfromsilk false)
      (outputformat 1)
      (mirror false)
      (drillshape 0)
      (scaleselection 1)
      (outputdirectory "Basis/"))
  )

  (net 0 "")
  (net 1 VCC)
  (net 2 GND)
  (net 3 string1gnd)
  (net 4 sring2vcc)
  (net 5 "Net-(D10-Pad2)")
  (net 6 "Net-(D4-Pad1)")

  (net_class Default "This is the default net class."
    (clearance 0.2)
    (trace_width 0.25)
    (via_dia 0.8)
    (via_drill 0.4)
    (uvia_dia 0.3)
    (uvia_drill 0.1)
    (add_net GND)
    (add_net "Net-(D10-Pad2)")
    (add_net "Net-(D4-Pad1)")
    (add_net VCC)
    (add_net sring2vcc)
    (add_net string1gnd)
  )

  (module pinpads:Pinpad1 (layer F.Cu) (tedit 61929A10) (tstamp 6192F683)
    (at 96.000598 137.00328)
    (path /619F96EB)
    (fp_text reference J13 (at -2.75 0) (layer Cmts.User)
      (effects (font (size 1 1) (thickness 0.15)))
    )
    (fp_text value Conn_01x01_Female (at 0 -2.54) (layer F.Fab)
      (effects (font (size 1 1) (thickness 0.15)))
    )
    (pad 1 smd rect (at 0 0) (size 1.75 1.75) (layers F.Cu F.Paste F.Mask)
      (net 1 VCC))
  )

  (module pinpads:Pinpad1 (layer B.Cu) (tedit 61929A10) (tstamp 6192F239)
    (at 96.000598 137.00328)
    (path /619EA006)
    (fp_text reference J1 (at -2.25 0) (layer Cmts.User)
      (effects (font (size 1 1) (thickness 0.15)))
    )
    (fp_text value Conn_01x01_Female (at 0 2.54) (layer B.Fab)
      (effects (font (size 1 1) (thickness 0.15)) (justify mirror))
    )
    (pad 1 smd rect (at 0 0) (size 1.75 1.75) (layers B.Cu B.Paste B.Mask)
      (net 3 string1gnd))
  )

  (module pinpads:Pinpad1 (layer B.Cu) (tedit 61929A10) (tstamp 6192F1C1)
    (at 104.000598 137.003281)
    (path /61A4CAC6)
    (fp_text reference J7 (at 3 0) (layer Cmts.User)
      (effects (font (size 1 1) (thickness 0.15)))
    )
    (fp_text value Conn_01x01_Female (at 0 2.54) (layer B.Fab)
      (effects (font (size 1 1) (thickness 0.15)) (justify mirror))
    )
    (pad 1 smd rect (at 0 0) (size 1.75 1.75) (layers B.Cu B.Paste B.Mask)
      (net 2 GND))
  )

  (module pinpads:Pinpad1 (layer F.Cu) (tedit 61929A10) (tstamp 61945391)
    (at 153.999401 136.996717)
    (path /61A4CAC0)
    (fp_text reference J5 (at 2.25 0) (layer Cmts.User)
      (effects (font (size 1 1) (thickness 0.15)))
    )
    (fp_text value Conn_01x01_Female (at 0 -2.54) (layer F.Fab)
      (effects (font (size 1 1) (thickness 0.15)))
    )
    (pad 1 smd rect (at 0 0) (size 1.75 1.75) (layers F.Cu F.Paste F.Mask))
  )

  (module Resistors_THT:R_Axial_DIN0207_L6.3mm_D2.5mm_P7.62mm_Horizontal (layer B.Cu) (tedit 5874F706) (tstamp 6194532B)
    (at 143.9994 126.996717 180)
    (descr "Resistor, Axial_DIN0207 series, Axial, Horizontal, pin pitch=7.62mm, 0.25W = 1/4W, length*diameter=6.3*2.5mm^2, http://cdn-reichelt.de/documents/datenblatt/B400/1_4W%23YAG.pdf")
    (tags "Resistor Axial_DIN0207 series Axial Horizontal pin pitch 7.62mm 0.25W = 1/4W length 6.3mm diameter 2.5mm")
    (path /61911539)
    (fp_text reference R11 (at 9.62 0 270) (layer B.SilkS)
      (effects (font (size 1 1) (thickness 0.15)) (justify mirror))
    )
    (fp_text value R (at 3.81 -2.31 180) (layer B.Fab)
      (effects (font (size 1 1) (thickness 0.15)) (justify mirror))
    )
    (fp_line (start 0.66 1.25) (end 0.66 -1.25) (layer B.Fab) (width 0.1))
    (fp_line (start 0.66 -1.25) (end 6.96 -1.25) (layer B.Fab) (width 0.1))
    (fp_line (start 6.96 -1.25) (end 6.96 1.25) (layer B.Fab) (width 0.1))
    (fp_line (start 6.96 1.25) (end 0.66 1.25) (layer B.Fab) (width 0.1))
    (fp_line (start 0 0) (end 0.66 0) (layer B.Fab) (width 0.1))
    (fp_line (start 7.62 0) (end 6.96 0) (layer B.Fab) (width 0.1))
    (fp_line (start 0.6 0.98) (end 0.6 1.31) (layer B.SilkS) (width 0.12))
    (fp_line (start 0.6 1.31) (end 7.02 1.31) (layer B.SilkS) (width 0.12))
    (fp_line (start 7.02 1.31) (end 7.02 0.98) (layer B.SilkS) (width 0.12))
    (fp_line (start 0.6 -0.98) (end 0.6 -1.31) (layer B.SilkS) (width 0.12))
    (fp_line (start 0.6 -1.31) (end 7.02 -1.31) (layer B.SilkS) (width 0.12))
    (fp_line (start 7.02 -1.31) (end 7.02 -0.98) (layer B.SilkS) (width 0.12))
    (fp_line (start -1.05 1.6) (end -1.05 -1.6) (layer B.CrtYd) (width 0.05))
    (fp_line (start -1.05 -1.6) (end 8.7 -1.6) (layer B.CrtYd) (width 0.05))
    (fp_line (start 8.7 -1.6) (end 8.7 1.6) (layer B.CrtYd) (width 0.05))
    (fp_line (start 8.7 1.6) (end -1.05 1.6) (layer B.CrtYd) (width 0.05))
    (pad 1 thru_hole circle (at 0 0 180) (size 1.6 1.6) (drill 0.8) (layers *.Cu *.Mask))
    (pad 2 thru_hole oval (at 7.62 0 180) (size 1.6 1.6) (drill 0.8) (layers *.Cu *.Mask))
    (model ${KISYS3DMOD}/Resistors_THT.3dshapes/R_Axial_DIN0207_L6.3mm_D2.5mm_P7.62mm_Horizontal.wrl
      (at (xyz 0 0 0))
      (scale (xyz 0.393701 0.393701 0.393701))
      (rotate (xyz 0 0 0))
    )
  )

  (module LEDs:LED_D3.0mm (layer B.Cu) (tedit 587A3A7B) (tstamp 61945356)
    (at 163.999402 118.996719 112.5)
    (descr "LED, diameter 3.0mm, 2 pins")
    (tags "LED diameter 3.0mm 2 pins")
    (path /6196313B)
    (fp_text reference D3 (at -2.249381 1.502224) (layer B.SilkS)
      (effects (font (size 1 1) (thickness 0.15)) (justify mirror))
    )
    (fp_text value LED (at 1.27 -2.96 292.5) (layer B.Fab)
      (effects (font (size 1 1) (thickness 0.15)) (justify mirror))
    )
    (fp_circle (center 1.27 0) (end 2.77 0) (layer B.Fab) (width 0.1))
    (fp_line (start -0.23 1.16619) (end -0.23 -1.16619) (layer B.Fab) (width 0.1))
    (fp_line (start -0.29 1.236) (end -0.29 1.08) (layer B.SilkS) (width 0.12))
    (fp_line (start -0.29 -1.08) (end -0.29 -1.236) (layer B.SilkS) (width 0.12))
    (fp_line (start -1.15 2.25) (end -1.15 -2.25) (layer B.CrtYd) (width 0.05))
    (fp_line (start -1.15 -2.25) (end 3.7 -2.25) (layer B.CrtYd) (width 0.05))
    (fp_line (start 3.7 -2.25) (end 3.7 2.25) (layer B.CrtYd) (width 0.05))
    (fp_line (start 3.7 2.25) (end -1.15 2.25) (layer B.CrtYd) (width 0.05))
    (fp_arc (start 1.27 0) (end 0.229039 -1.08) (angle 87.9) (layer B.SilkS) (width 0.12))
    (fp_arc (start 1.27 0) (end 0.229039 1.08) (angle -87.9) (layer B.SilkS) (width 0.12))
    (fp_arc (start 1.27 0) (end -0.29 -1.235516) (angle 108.8) (layer B.SilkS) (width 0.12))
    (fp_arc (start 1.27 0) (end -0.29 1.235516) (angle -108.8) (layer B.SilkS) (width 0.12))
    (fp_arc (start 1.27 0) (end -0.23 1.16619) (angle -284.3) (layer B.Fab) (width 0.1))
    (pad 2 thru_hole circle (at 2.54 0 112.5) (size 1.8 1.8) (drill 0.9) (layers *.Cu *.Mask))
    (pad 1 thru_hole rect (at 0 0 112.5) (size 1.8 1.8) (drill 0.9) (layers *.Cu *.Mask))
    (model ${KISYS3DMOD}/LEDs.3dshapes/LED_D3.0mm.wrl
      (at (xyz 0 0 0))
      (scale (xyz 0.393701 0.393701 0.393701))
      (rotate (xyz 0 0 0))
    )
  )

  (module LEDs:LED_D3.0mm (layer B.Cu) (tedit 587A3A7B) (tstamp 61945319)
    (at 154.999401 75.996719 112.5)
    (descr "LED, diameter 3.0mm, 2 pins")
    (tags "LED diameter 3.0mm 2 pins")
    (path /6196312F)
    (fp_text reference D1 (at -2.249381 1.502224) (layer B.SilkS)
      (effects (font (size 1 1) (thickness 0.15)) (justify mirror))
    )
    (fp_text value LED (at 1.27 -2.96 292.5) (layer B.Fab)
      (effects (font (size 1 1) (thickness 0.15)) (justify mirror))
    )
    (fp_circle (center 1.27 0) (end 2.77 0) (layer B.Fab) (width 0.1))
    (fp_line (start -0.23 1.16619) (end -0.23 -1.16619) (layer B.Fab) (width 0.1))
    (fp_line (start -0.29 1.236) (end -0.29 1.08) (layer B.SilkS) (width 0.12))
    (fp_line (start -0.29 -1.08) (end -0.29 -1.236) (layer B.SilkS) (width 0.12))
    (fp_line (start -1.15 2.25) (end -1.15 -2.25) (layer B.CrtYd) (width 0.05))
    (fp_line (start -1.15 -2.25) (end 3.7 -2.25) (layer B.CrtYd) (width 0.05))
    (fp_line (start 3.7 -2.25) (end 3.7 2.25) (layer B.CrtYd) (width 0.05))
    (fp_line (start 3.7 2.25) (end -1.15 2.25) (layer B.CrtYd) (width 0.05))
    (fp_arc (start 1.27 0) (end 0.229039 -1.08) (angle 87.9) (layer B.SilkS) (width 0.12))
    (fp_arc (start 1.27 0) (end 0.229039 1.08) (angle -87.9) (layer B.SilkS) (width 0.12))
    (fp_arc (start 1.27 0) (end -0.29 -1.235516) (angle 108.8) (layer B.SilkS) (width 0.12))
    (fp_arc (start 1.27 0) (end -0.29 1.235516) (angle -108.8) (layer B.SilkS) (width 0.12))
    (fp_arc (start 1.27 0) (end -0.23 1.16619) (angle -284.3) (layer B.Fab) (width 0.1))
    (pad 2 thru_hole circle (at 2.54 0 112.5) (size 1.8 1.8) (drill 0.9) (layers *.Cu *.Mask))
    (pad 1 thru_hole rect (at 0 0 112.5) (size 1.8 1.8) (drill 0.9) (layers *.Cu *.Mask))
    (model ${KISYS3DMOD}/LEDs.3dshapes/LED_D3.0mm.wrl
      (at (xyz 0 0 0))
      (scale (xyz 0.393701 0.393701 0.393701))
      (rotate (xyz 0 0 0))
    )
  )

  (module pinpads:Pinpad1 (layer F.Cu) (tedit 61929A10) (tstamp 61945352)
    (at 145.999401 136.996719)
    (path /61911566)
    (fp_text reference J4 (at -2.25 0) (layer Cmts.User)
      (effects (font (size 1 1) (thickness 0.15)))
    )
    (fp_text value Conn_01x01_Female (at 0 -2.54) (layer F.Fab)
      (effects (font (size 1 1) (thickness 0.15)))
    )
    (pad 1 smd rect (at 0 0) (size 1.75 1.75) (layers F.Cu F.Paste F.Mask))
  )

  (module LEDs:LED_D3.0mm (layer F.Cu) (tedit 587A3A7B) (tstamp 61945395)
    (at 144.999403 75.996718 67.5)
    (descr "LED, diameter 3.0mm, 2 pins")
    (tags "LED diameter 3.0mm 2 pins")
    (path /61964AF9)
    (fp_text reference D7 (at -2.345332 -1.733866 180) (layer F.SilkS)
      (effects (font (size 1 1) (thickness 0.15)))
    )
    (fp_text value LED (at 1.27 2.96 67.5) (layer F.Fab)
      (effects (font (size 1 1) (thickness 0.15)))
    )
    (fp_circle (center 1.27 0) (end 2.77 0) (layer F.Fab) (width 0.1))
    (fp_line (start -0.23 -1.16619) (end -0.23 1.16619) (layer F.Fab) (width 0.1))
    (fp_line (start -0.29 -1.236) (end -0.29 -1.08) (layer F.SilkS) (width 0.12))
    (fp_line (start -0.29 1.08) (end -0.29 1.236) (layer F.SilkS) (width 0.12))
    (fp_line (start -1.15 -2.25) (end -1.15 2.25) (layer F.CrtYd) (width 0.05))
    (fp_line (start -1.15 2.25) (end 3.7 2.25) (layer F.CrtYd) (width 0.05))
    (fp_line (start 3.7 2.25) (end 3.7 -2.25) (layer F.CrtYd) (width 0.05))
    (fp_line (start 3.7 -2.25) (end -1.15 -2.25) (layer F.CrtYd) (width 0.05))
    (fp_arc (start 1.27 0) (end 0.229039 1.08) (angle -87.9) (layer F.SilkS) (width 0.12))
    (fp_arc (start 1.27 0) (end 0.229039 -1.08) (angle 87.9) (layer F.SilkS) (width 0.12))
    (fp_arc (start 1.27 0) (end -0.29 1.235516) (angle -108.8) (layer F.SilkS) (width 0.12))
    (fp_arc (start 1.27 0) (end -0.29 -1.235516) (angle 108.8) (layer F.SilkS) (width 0.12))
    (fp_arc (start 1.27 0) (end -0.23 -1.16619) (angle 284.3) (layer F.Fab) (width 0.1))
    (pad 2 thru_hole circle (at 2.54 0 67.5) (size 1.8 1.8) (drill 0.9) (layers *.Cu *.Mask))
    (pad 1 thru_hole rect (at 0 0 67.5) (size 1.8 1.8) (drill 0.9) (layers *.Cu *.Mask))
    (model ${KISYS3DMOD}/LEDs.3dshapes/LED_D3.0mm.wrl
      (at (xyz 0 0 0))
      (scale (xyz 0.393701 0.393701 0.393701))
      (rotate (xyz 0 0 0))
    )
  )

  (module LEDs:LED_D3.0mm (layer B.Cu) (tedit 587A3A7B) (tstamp 61945340)
    (at 140.999402 96.996718 67.5)
    (descr "LED, diameter 3.0mm, 2 pins")
    (tags "LED diameter 3.0mm 2 pins")
    (path /61963135)
    (fp_text reference D2 (at -2.345331 -1.733865) (layer B.SilkS)
      (effects (font (size 1 1) (thickness 0.15)) (justify mirror))
    )
    (fp_text value LED (at 1.27 -2.96 247.5) (layer B.Fab)
      (effects (font (size 1 1) (thickness 0.15)) (justify mirror))
    )
    (fp_circle (center 1.27 0) (end 2.77 0) (layer B.Fab) (width 0.1))
    (fp_line (start -0.23 1.16619) (end -0.23 -1.16619) (layer B.Fab) (width 0.1))
    (fp_line (start -0.29 1.236) (end -0.29 1.08) (layer B.SilkS) (width 0.12))
    (fp_line (start -0.29 -1.08) (end -0.29 -1.236) (layer B.SilkS) (width 0.12))
    (fp_line (start -1.15 2.25) (end -1.15 -2.25) (layer B.CrtYd) (width 0.05))
    (fp_line (start -1.15 -2.25) (end 3.7 -2.25) (layer B.CrtYd) (width 0.05))
    (fp_line (start 3.7 -2.25) (end 3.7 2.25) (layer B.CrtYd) (width 0.05))
    (fp_line (start 3.7 2.25) (end -1.15 2.25) (layer B.CrtYd) (width 0.05))
    (fp_arc (start 1.27 0) (end 0.229039 -1.08) (angle 87.9) (layer B.SilkS) (width 0.12))
    (fp_arc (start 1.27 0) (end 0.229039 1.08) (angle -87.9) (layer B.SilkS) (width 0.12))
    (fp_arc (start 1.27 0) (end -0.29 -1.235516) (angle 108.8) (layer B.SilkS) (width 0.12))
    (fp_arc (start 1.27 0) (end -0.29 1.235516) (angle -108.8) (layer B.SilkS) (width 0.12))
    (fp_arc (start 1.27 0) (end -0.23 1.16619) (angle -284.3) (layer B.Fab) (width 0.1))
    (pad 2 thru_hole circle (at 2.54 0 67.5) (size 1.8 1.8) (drill 0.9) (layers *.Cu *.Mask))
    (pad 1 thru_hole rect (at 0 0 67.5) (size 1.8 1.8) (drill 0.9) (layers *.Cu *.Mask))
    (model ${KISYS3DMOD}/LEDs.3dshapes/LED_D3.0mm.wrl
      (at (xyz 0 0 0))
      (scale (xyz 0.393701 0.393701 0.393701))
      (rotate (xyz 0 0 0))
    )
  )

  (module pinpads:Pinpad1 (layer B.Cu) (tedit 61929A10) (tstamp 61945300)
    (at 153.999401 136.996717)
    (path /61A1109B)
    (fp_text reference J10 (at 4.5 0) (layer Cmts.User)
      (effects (font (size 1 1) (thickness 0.15)))
    )
    (fp_text value Conn_01x01_Female (at 6.25 1.75) (layer B.Fab)
      (effects (font (size 1 1) (thickness 0.15)) (justify mirror))
    )
    (pad 1 smd rect (at 0 0) (size 1.75 1.75) (layers B.Cu B.Paste B.Mask))
  )

  (module pinpads:Pinpad1 (layer B.Cu) (tedit 61929A10) (tstamp 619452D8)
    (at 145.999401 136.996719)
    (path /619FC45C)
    (fp_text reference J15 (at -4.5 0) (layer Cmts.User)
      (effects (font (size 1 1) (thickness 0.15)))
    )
    (fp_text value Conn_01x01_Female (at 0 2.54) (layer B.Fab)
      (effects (font (size 1 1) (thickness 0.15)) (justify mirror))
    )
    (pad 1 smd rect (at 0 0) (size 1.75 1.75) (layers B.Cu B.Paste B.Mask))
  )

  (module LEDs:LED_D3.0mm (layer F.Cu) (tedit 587A3A7B) (tstamp 619452DC)
    (at 135.999403 118.996718 67.5)
    (descr "LED, diameter 3.0mm, 2 pins")
    (tags "LED diameter 3.0mm 2 pins")
    (path /61964B05)
    (fp_text reference D9 (at -2.345332 -1.733866 180) (layer F.SilkS)
      (effects (font (size 1 1) (thickness 0.15)))
    )
    (fp_text value LED (at 1.27 2.96 67.5) (layer F.Fab)
      (effects (font (size 1 1) (thickness 0.15)))
    )
    (fp_circle (center 1.27 0) (end 2.77 0) (layer F.Fab) (width 0.1))
    (fp_line (start -0.23 -1.16619) (end -0.23 1.16619) (layer F.Fab) (width 0.1))
    (fp_line (start -0.29 -1.236) (end -0.29 -1.08) (layer F.SilkS) (width 0.12))
    (fp_line (start -0.29 1.08) (end -0.29 1.236) (layer F.SilkS) (width 0.12))
    (fp_line (start -1.15 -2.25) (end -1.15 2.25) (layer F.CrtYd) (width 0.05))
    (fp_line (start -1.15 2.25) (end 3.7 2.25) (layer F.CrtYd) (width 0.05))
    (fp_line (start 3.7 2.25) (end 3.7 -2.25) (layer F.CrtYd) (width 0.05))
    (fp_line (start 3.7 -2.25) (end -1.15 -2.25) (layer F.CrtYd) (width 0.05))
    (fp_arc (start 1.27 0) (end 0.229039 1.08) (angle -87.9) (layer F.SilkS) (width 0.12))
    (fp_arc (start 1.27 0) (end 0.229039 -1.08) (angle 87.9) (layer F.SilkS) (width 0.12))
    (fp_arc (start 1.27 0) (end -0.29 1.235516) (angle -108.8) (layer F.SilkS) (width 0.12))
    (fp_arc (start 1.27 0) (end -0.29 -1.235516) (angle 108.8) (layer F.SilkS) (width 0.12))
    (fp_arc (start 1.27 0) (end -0.23 -1.16619) (angle 284.3) (layer F.Fab) (width 0.1))
    (pad 2 thru_hole circle (at 2.54 0 67.5) (size 1.8 1.8) (drill 0.9) (layers *.Cu *.Mask))
    (pad 1 thru_hole rect (at 0 0 67.5) (size 1.8 1.8) (drill 0.9) (layers *.Cu *.Mask))
    (model ${KISYS3DMOD}/LEDs.3dshapes/LED_D3.0mm.wrl
      (at (xyz 0 0 0))
      (scale (xyz 0.393701 0.393701 0.393701))
      (rotate (xyz 0 0 0))
    )
  )

  (module Resistors_THT:R_Axial_DIN0207_L6.3mm_D2.5mm_P7.62mm_Horizontal (layer F.Cu) (tedit 5874F706) (tstamp 61945304)
    (at 163.619402 126.996718 180)
    (descr "Resistor, Axial_DIN0207 series, Axial, Horizontal, pin pitch=7.62mm, 0.25W = 1/4W, length*diameter=6.3*2.5mm^2, http://cdn-reichelt.de/documents/datenblatt/B400/1_4W%23YAG.pdf")
    (tags "Resistor Axial_DIN0207 series Axial Horizontal pin pitch 7.62mm 0.25W = 1/4W length 6.3mm diameter 2.5mm")
    (path /6191153F)
    (fp_text reference R9 (at -2 0 270) (layer F.SilkS)
      (effects (font (size 1 1) (thickness 0.15)))
    )
    (fp_text value R (at 3.81 2.31) (layer F.Fab)
      (effects (font (size 1 1) (thickness 0.15)))
    )
    (fp_line (start 0.66 -1.25) (end 0.66 1.25) (layer F.Fab) (width 0.1))
    (fp_line (start 0.66 1.25) (end 6.96 1.25) (layer F.Fab) (width 0.1))
    (fp_line (start 6.96 1.25) (end 6.96 -1.25) (layer F.Fab) (width 0.1))
    (fp_line (start 6.96 -1.25) (end 0.66 -1.25) (layer F.Fab) (width 0.1))
    (fp_line (start 0 0) (end 0.66 0) (layer F.Fab) (width 0.1))
    (fp_line (start 7.62 0) (end 6.96 0) (layer F.Fab) (width 0.1))
    (fp_line (start 0.6 -0.98) (end 0.6 -1.31) (layer F.SilkS) (width 0.12))
    (fp_line (start 0.6 -1.31) (end 7.02 -1.31) (layer F.SilkS) (width 0.12))
    (fp_line (start 7.02 -1.31) (end 7.02 -0.98) (layer F.SilkS) (width 0.12))
    (fp_line (start 0.6 0.98) (end 0.6 1.31) (layer F.SilkS) (width 0.12))
    (fp_line (start 0.6 1.31) (end 7.02 1.31) (layer F.SilkS) (width 0.12))
    (fp_line (start 7.02 1.31) (end 7.02 0.98) (layer F.SilkS) (width 0.12))
    (fp_line (start -1.05 -1.6) (end -1.05 1.6) (layer F.CrtYd) (width 0.05))
    (fp_line (start -1.05 1.6) (end 8.7 1.6) (layer F.CrtYd) (width 0.05))
    (fp_line (start 8.7 1.6) (end 8.7 -1.6) (layer F.CrtYd) (width 0.05))
    (fp_line (start 8.7 -1.6) (end -1.05 -1.6) (layer F.CrtYd) (width 0.05))
    (pad 1 thru_hole circle (at 0 0 180) (size 1.6 1.6) (drill 0.8) (layers *.Cu *.Mask))
    (pad 2 thru_hole oval (at 7.62 0 180) (size 1.6 1.6) (drill 0.8) (layers *.Cu *.Mask))
    (model ${KISYS3DMOD}/Resistors_THT.3dshapes/R_Axial_DIN0207_L6.3mm_D2.5mm_P7.62mm_Horizontal.wrl
      (at (xyz 0 0 0))
      (scale (xyz 0.393701 0.393701 0.393701))
      (rotate (xyz 0 0 0))
    )
  )

  (module LEDs:LED_D3.0mm (layer F.Cu) (tedit 587A3A7B) (tstamp 619452EE)
    (at 158.999403 96.996719 112.5)
    (descr "LED, diameter 3.0mm, 2 pins")
    (tags "LED diameter 3.0mm 2 pins")
    (path /61964AFF)
    (fp_text reference D8 (at -2.345788 1.73497 180) (layer F.SilkS)
      (effects (font (size 1 1) (thickness 0.15)))
    )
    (fp_text value LED (at 1.27 2.96 112.5) (layer F.Fab)
      (effects (font (size 1 1) (thickness 0.15)))
    )
    (fp_circle (center 1.27 0) (end 2.77 0) (layer F.Fab) (width 0.1))
    (fp_line (start -0.23 -1.16619) (end -0.23 1.16619) (layer F.Fab) (width 0.1))
    (fp_line (start -0.29 -1.236) (end -0.29 -1.08) (layer F.SilkS) (width 0.12))
    (fp_line (start -0.29 1.08) (end -0.29 1.236) (layer F.SilkS) (width 0.12))
    (fp_line (start -1.15 -2.25) (end -1.15 2.25) (layer F.CrtYd) (width 0.05))
    (fp_line (start -1.15 2.25) (end 3.7 2.25) (layer F.CrtYd) (width 0.05))
    (fp_line (start 3.7 2.25) (end 3.7 -2.25) (layer F.CrtYd) (width 0.05))
    (fp_line (start 3.7 -2.25) (end -1.15 -2.25) (layer F.CrtYd) (width 0.05))
    (fp_arc (start 1.27 0) (end 0.229039 1.08) (angle -87.9) (layer F.SilkS) (width 0.12))
    (fp_arc (start 1.27 0) (end 0.229039 -1.08) (angle 87.9) (layer F.SilkS) (width 0.12))
    (fp_arc (start 1.27 0) (end -0.29 1.235516) (angle -108.8) (layer F.SilkS) (width 0.12))
    (fp_arc (start 1.27 0) (end -0.29 -1.235516) (angle 108.8) (layer F.SilkS) (width 0.12))
    (fp_arc (start 1.27 0) (end -0.23 -1.16619) (angle 284.3) (layer F.Fab) (width 0.1))
    (pad 2 thru_hole circle (at 2.54 0 112.5) (size 1.8 1.8) (drill 0.9) (layers *.Cu *.Mask))
    (pad 1 thru_hole rect (at 0 0 112.5) (size 1.8 1.8) (drill 0.9) (layers *.Cu *.Mask))
    (model ${KISYS3DMOD}/LEDs.3dshapes/LED_D3.0mm.wrl
      (at (xyz 0 0 0))
      (scale (xyz 0.393701 0.393701 0.393701))
      (rotate (xyz 0 0 0))
    )
  )

  (module Resistors_THT:R_Axial_DIN0207_L6.3mm_D2.5mm_P7.62mm_Horizontal (layer B.Cu) (tedit 5874F706) (tstamp 6192F5FE)
    (at 86.380598 127.00328)
    (descr "Resistor, Axial_DIN0207 series, Axial, Horizontal, pin pitch=7.62mm, 0.25W = 1/4W, length*diameter=6.3*2.5mm^2, http://cdn-reichelt.de/documents/datenblatt/B400/1_4W%23YAG.pdf")
    (tags "Resistor Axial_DIN0207 series Axial Horizontal pin pitch 7.62mm 0.25W = 1/4W length 6.3mm diameter 2.5mm")
    (path /618DD176)
    (fp_text reference R10 (at -2 0 270) (layer B.SilkS)
      (effects (font (size 1 1) (thickness 0.15)) (justify mirror))
    )
    (fp_text value R (at 3.81 -2.31 180) (layer B.Fab)
      (effects (font (size 1 1) (thickness 0.15)) (justify mirror))
    )
    (fp_line (start 0.66 1.25) (end 0.66 -1.25) (layer B.Fab) (width 0.1))
    (fp_line (start 0.66 -1.25) (end 6.96 -1.25) (layer B.Fab) (width 0.1))
    (fp_line (start 6.96 -1.25) (end 6.96 1.25) (layer B.Fab) (width 0.1))
    (fp_line (start 6.96 1.25) (end 0.66 1.25) (layer B.Fab) (width 0.1))
    (fp_line (start 0 0) (end 0.66 0) (layer B.Fab) (width 0.1))
    (fp_line (start 7.62 0) (end 6.96 0) (layer B.Fab) (width 0.1))
    (fp_line (start 0.6 0.98) (end 0.6 1.31) (layer B.SilkS) (width 0.12))
    (fp_line (start 0.6 1.31) (end 7.02 1.31) (layer B.SilkS) (width 0.12))
    (fp_line (start 7.02 1.31) (end 7.02 0.98) (layer B.SilkS) (width 0.12))
    (fp_line (start 0.6 -0.98) (end 0.6 -1.31) (layer B.SilkS) (width 0.12))
    (fp_line (start 0.6 -1.31) (end 7.02 -1.31) (layer B.SilkS) (width 0.12))
    (fp_line (start 7.02 -1.31) (end 7.02 -0.98) (layer B.SilkS) (width 0.12))
    (fp_line (start -1.05 1.6) (end -1.05 -1.6) (layer B.CrtYd) (width 0.05))
    (fp_line (start -1.05 -1.6) (end 8.7 -1.6) (layer B.CrtYd) (width 0.05))
    (fp_line (start 8.7 -1.6) (end 8.7 1.6) (layer B.CrtYd) (width 0.05))
    (fp_line (start 8.7 1.6) (end -1.05 1.6) (layer B.CrtYd) (width 0.05))
    (pad 1 thru_hole circle (at 0 0) (size 1.6 1.6) (drill 0.8) (layers *.Cu *.Mask)
      (net 6 "Net-(D4-Pad1)"))
    (pad 2 thru_hole oval (at 7.62 0) (size 1.6 1.6) (drill 0.8) (layers *.Cu *.Mask)
      (net 3 string1gnd))
    (model ${KISYS3DMOD}/Resistors_THT.3dshapes/R_Axial_DIN0207_L6.3mm_D2.5mm_P7.62mm_Horizontal.wrl
      (at (xyz 0 0 0))
      (scale (xyz 0.393701 0.393701 0.393701))
      (rotate (xyz 0 0 0))
    )
  )

  (module LEDs:LED_D3.0mm (layer B.Cu) (tedit 587A3A7B) (tstamp 6192F289)
    (at 114.000598 119.003282 112.5)
    (descr "LED, diameter 3.0mm, 2 pins")
    (tags "LED diameter 3.0mm 2 pins")
    (path /61961264)
    (fp_text reference D12 (at -2.609865 1.083096) (layer B.SilkS)
      (effects (font (size 1 1) (thickness 0.15)) (justify mirror))
    )
    (fp_text value LED (at 1.27 -2.96 292.5) (layer B.Fab)
      (effects (font (size 1 1) (thickness 0.15)) (justify mirror))
    )
    (fp_line (start 3.7 2.25) (end -1.15 2.25) (layer B.CrtYd) (width 0.05))
    (fp_line (start 3.7 -2.25) (end 3.7 2.25) (layer B.CrtYd) (width 0.05))
    (fp_line (start -1.15 -2.25) (end 3.7 -2.25) (layer B.CrtYd) (width 0.05))
    (fp_line (start -1.15 2.25) (end -1.15 -2.25) (layer B.CrtYd) (width 0.05))
    (fp_line (start -0.29 -1.08) (end -0.29 -1.236) (layer B.SilkS) (width 0.12))
    (fp_line (start -0.29 1.236) (end -0.29 1.08) (layer B.SilkS) (width 0.12))
    (fp_line (start -0.23 1.16619) (end -0.23 -1.16619) (layer B.Fab) (width 0.1))
    (fp_circle (center 1.27 0) (end 2.77 0) (layer B.Fab) (width 0.1))
    (fp_arc (start 1.27 0) (end -0.23 1.16619) (angle -284.3) (layer B.Fab) (width 0.1))
    (fp_arc (start 1.27 0) (end -0.29 1.235516) (angle -108.8) (layer B.SilkS) (width 0.12))
    (fp_arc (start 1.27 0) (end -0.29 -1.235516) (angle 108.8) (layer B.SilkS) (width 0.12))
    (fp_arc (start 1.27 0) (end 0.229039 1.08) (angle -87.9) (layer B.SilkS) (width 0.12))
    (fp_arc (start 1.27 0) (end 0.229039 -1.08) (angle 87.9) (layer B.SilkS) (width 0.12))
    (pad 1 thru_hole rect (at 0 0 112.5) (size 1.8 1.8) (drill 0.9) (layers *.Cu *.Mask)
      (net 2 GND))
    (pad 2 thru_hole circle (at 2.54 0 112.5) (size 1.8 1.8) (drill 0.9) (layers *.Cu *.Mask)
      (net 5 "Net-(D10-Pad2)"))
    (model ${KISYS3DMOD}/LEDs.3dshapes/LED_D3.0mm.wrl
      (at (xyz 0 0 0))
      (scale (xyz 0.393701 0.393701 0.393701))
      (rotate (xyz 0 0 0))
    )
  )

  (module LEDs:LED_D3.0mm (layer F.Cu) (tedit 587A3A7B) (tstamp 6192F4BD)
    (at 109.000595 97.003282 112.5)
    (descr "LED, diameter 3.0mm, 2 pins")
    (tags "LED diameter 3.0mm 2 pins")
    (path /6193B6CB)
    (fp_text reference D5 (at -2.801208 1.545038 180) (layer F.SilkS)
      (effects (font (size 1 1) (thickness 0.15)))
    )
    (fp_text value LED (at 1.27 2.96 112.5) (layer F.Fab)
      (effects (font (size 1 1) (thickness 0.15)))
    )
    (fp_line (start 3.7 -2.25) (end -1.15 -2.25) (layer F.CrtYd) (width 0.05))
    (fp_line (start 3.7 2.25) (end 3.7 -2.25) (layer F.CrtYd) (width 0.05))
    (fp_line (start -1.15 2.25) (end 3.7 2.25) (layer F.CrtYd) (width 0.05))
    (fp_line (start -1.15 -2.25) (end -1.15 2.25) (layer F.CrtYd) (width 0.05))
    (fp_line (start -0.29 1.08) (end -0.29 1.236) (layer F.SilkS) (width 0.12))
    (fp_line (start -0.29 -1.236) (end -0.29 -1.08) (layer F.SilkS) (width 0.12))
    (fp_line (start -0.23 -1.16619) (end -0.23 1.16619) (layer F.Fab) (width 0.1))
    (fp_circle (center 1.27 0) (end 2.77 0) (layer F.Fab) (width 0.1))
    (fp_arc (start 1.27 0) (end -0.23 -1.16619) (angle 284.3) (layer F.Fab) (width 0.1))
    (fp_arc (start 1.27 0) (end -0.29 -1.235516) (angle 108.8) (layer F.SilkS) (width 0.12))
    (fp_arc (start 1.27 0) (end -0.29 1.235516) (angle -108.8) (layer F.SilkS) (width 0.12))
    (fp_arc (start 1.27 0) (end 0.229039 -1.08) (angle 87.9) (layer F.SilkS) (width 0.12))
    (fp_arc (start 1.27 0) (end 0.229039 1.08) (angle -87.9) (layer F.SilkS) (width 0.12))
    (pad 1 thru_hole rect (at 0 0 112.5) (size 1.8 1.8) (drill 0.9) (layers *.Cu *.Mask)
      (net 6 "Net-(D4-Pad1)"))
    (pad 2 thru_hole circle (at 2.54 0 112.5) (size 1.8 1.8) (drill 0.9) (layers *.Cu *.Mask)
      (net 1 VCC))
    (model ${KISYS3DMOD}/LEDs.3dshapes/LED_D3.0mm.wrl
      (at (xyz 0 0 0))
      (scale (xyz 0.393701 0.393701 0.393701))
      (rotate (xyz 0 0 0))
    )
  )

  (module LEDs:LED_D3.0mm (layer B.Cu) (tedit 587A3A7B) (tstamp 6192F253)
    (at 91.000599 97.003282 67.5)
    (descr "LED, diameter 3.0mm, 2 pins")
    (tags "LED diameter 3.0mm 2 pins")
    (path /6196125E)
    (fp_text reference D11 (at -2.801665 -1.546141) (layer B.SilkS)
      (effects (font (size 1 1) (thickness 0.15)) (justify mirror))
    )
    (fp_text value LED (at 1.27 -2.96 247.5) (layer B.Fab)
      (effects (font (size 1 1) (thickness 0.15)) (justify mirror))
    )
    (fp_line (start 3.7 2.25) (end -1.15 2.25) (layer B.CrtYd) (width 0.05))
    (fp_line (start 3.7 -2.25) (end 3.7 2.25) (layer B.CrtYd) (width 0.05))
    (fp_line (start -1.15 -2.25) (end 3.7 -2.25) (layer B.CrtYd) (width 0.05))
    (fp_line (start -1.15 2.25) (end -1.15 -2.25) (layer B.CrtYd) (width 0.05))
    (fp_line (start -0.29 -1.08) (end -0.29 -1.236) (layer B.SilkS) (width 0.12))
    (fp_line (start -0.29 1.236) (end -0.29 1.08) (layer B.SilkS) (width 0.12))
    (fp_line (start -0.23 1.16619) (end -0.23 -1.16619) (layer B.Fab) (width 0.1))
    (fp_circle (center 1.27 0) (end 2.77 0) (layer B.Fab) (width 0.1))
    (fp_arc (start 1.27 0) (end -0.23 1.16619) (angle -284.3) (layer B.Fab) (width 0.1))
    (fp_arc (start 1.27 0) (end -0.29 1.235516) (angle -108.8) (layer B.SilkS) (width 0.12))
    (fp_arc (start 1.27 0) (end -0.29 -1.235516) (angle 108.8) (layer B.SilkS) (width 0.12))
    (fp_arc (start 1.27 0) (end 0.229039 1.08) (angle -87.9) (layer B.SilkS) (width 0.12))
    (fp_arc (start 1.27 0) (end 0.229039 -1.08) (angle 87.9) (layer B.SilkS) (width 0.12))
    (pad 1 thru_hole rect (at 0 0 67.5) (size 1.8 1.8) (drill 0.9) (layers *.Cu *.Mask)
      (net 2 GND))
    (pad 2 thru_hole circle (at 2.54 0 67.5) (size 1.8 1.8) (drill 0.9) (layers *.Cu *.Mask)
      (net 5 "Net-(D10-Pad2)"))
    (model ${KISYS3DMOD}/LEDs.3dshapes/LED_D3.0mm.wrl
      (at (xyz 0 0 0))
      (scale (xyz 0.393701 0.393701 0.393701))
      (rotate (xyz 0 0 0))
    )
  )

  (module pinpads:Pinpad1 (layer F.Cu) (tedit 61929A10) (tstamp 6192F563)
    (at 104.000598 137.003281)
    (path /619F6D5A)
    (fp_text reference J17 (at 2.75 0) (layer Cmts.User)
      (effects (font (size 1 1) (thickness 0.15)))
    )
    (fp_text value Conn_01x01_Female (at 0 -2.54) (layer F.Fab)
      (effects (font (size 1 1) (thickness 0.15)))
    )
    (pad 1 smd rect (at 0 0) (size 1.75 1.75) (layers F.Cu F.Paste F.Mask)
      (net 4 sring2vcc))
  )

  (module LEDs:LED_D3.0mm (layer F.Cu) (tedit 587A3A7B) (tstamp 6192F487)
    (at 95.000598 76.003282 67.5)
    (descr "LED, diameter 3.0mm, 2 pins")
    (tags "LED diameter 3.0mm 2 pins")
    (path /6193A1C3)
    (fp_text reference D4 (at -2.705258 -1.313394 180) (layer F.SilkS)
      (effects (font (size 1 1) (thickness 0.15)))
    )
    (fp_text value LED (at 1.27 2.96 67.5) (layer F.Fab)
      (effects (font (size 1 1) (thickness 0.15)))
    )
    (fp_line (start 3.7 -2.25) (end -1.15 -2.25) (layer F.CrtYd) (width 0.05))
    (fp_line (start 3.7 2.25) (end 3.7 -2.25) (layer F.CrtYd) (width 0.05))
    (fp_line (start -1.15 2.25) (end 3.7 2.25) (layer F.CrtYd) (width 0.05))
    (fp_line (start -1.15 -2.25) (end -1.15 2.25) (layer F.CrtYd) (width 0.05))
    (fp_line (start -0.29 1.08) (end -0.29 1.236) (layer F.SilkS) (width 0.12))
    (fp_line (start -0.29 -1.236) (end -0.29 -1.08) (layer F.SilkS) (width 0.12))
    (fp_line (start -0.23 -1.16619) (end -0.23 1.16619) (layer F.Fab) (width 0.1))
    (fp_circle (center 1.27 0) (end 2.77 0) (layer F.Fab) (width 0.1))
    (fp_arc (start 1.27 0) (end -0.23 -1.16619) (angle 284.3) (layer F.Fab) (width 0.1))
    (fp_arc (start 1.27 0) (end -0.29 -1.235516) (angle 108.8) (layer F.SilkS) (width 0.12))
    (fp_arc (start 1.27 0) (end -0.29 1.235516) (angle -108.8) (layer F.SilkS) (width 0.12))
    (fp_arc (start 1.27 0) (end 0.229039 -1.08) (angle 87.9) (layer F.SilkS) (width 0.12))
    (fp_arc (start 1.27 0) (end 0.229039 1.08) (angle -87.9) (layer F.SilkS) (width 0.12))
    (pad 1 thru_hole rect (at 0 0 67.5) (size 1.8 1.8) (drill 0.9) (layers *.Cu *.Mask)
      (net 6 "Net-(D4-Pad1)"))
    (pad 2 thru_hole circle (at 2.54 0 67.5) (size 1.8 1.8) (drill 0.9) (layers *.Cu *.Mask)
      (net 1 VCC))
    (model ${KISYS3DMOD}/LEDs.3dshapes/LED_D3.0mm.wrl
      (at (xyz 0 0 0))
      (scale (xyz 0.393701 0.393701 0.393701))
      (rotate (xyz 0 0 0))
    )
  )

  (module LEDs:LED_D3.0mm (layer F.Cu) (tedit 587A3A7B) (tstamp 6192F211)
    (at 86.000599 119.003283 67.5)
    (descr "LED, diameter 3.0mm, 2 pins")
    (tags "LED diameter 3.0mm 2 pins")
    (path /6193C089)
    (fp_text reference D6 (at -2.705257 -1.313394) (layer F.SilkS)
      (effects (font (size 1 1) (thickness 0.15)))
    )
    (fp_text value LED (at 1.27 2.96 67.5) (layer F.Fab)
      (effects (font (size 1 1) (thickness 0.15)))
    )
    (fp_line (start 3.7 -2.25) (end -1.15 -2.25) (layer F.CrtYd) (width 0.05))
    (fp_line (start 3.7 2.25) (end 3.7 -2.25) (layer F.CrtYd) (width 0.05))
    (fp_line (start -1.15 2.25) (end 3.7 2.25) (layer F.CrtYd) (width 0.05))
    (fp_line (start -1.15 -2.25) (end -1.15 2.25) (layer F.CrtYd) (width 0.05))
    (fp_line (start -0.29 1.08) (end -0.29 1.236) (layer F.SilkS) (width 0.12))
    (fp_line (start -0.29 -1.236) (end -0.29 -1.08) (layer F.SilkS) (width 0.12))
    (fp_line (start -0.23 -1.16619) (end -0.23 1.16619) (layer F.Fab) (width 0.1))
    (fp_circle (center 1.27 0) (end 2.77 0) (layer F.Fab) (width 0.1))
    (fp_arc (start 1.27 0) (end -0.23 -1.16619) (angle 284.3) (layer F.Fab) (width 0.1))
    (fp_arc (start 1.27 0) (end -0.29 -1.235516) (angle 108.8) (layer F.SilkS) (width 0.12))
    (fp_arc (start 1.27 0) (end -0.29 1.235516) (angle -108.8) (layer F.SilkS) (width 0.12))
    (fp_arc (start 1.27 0) (end 0.229039 -1.08) (angle 87.9) (layer F.SilkS) (width 0.12))
    (fp_arc (start 1.27 0) (end 0.229039 1.08) (angle -87.9) (layer F.SilkS) (width 0.12))
    (pad 1 thru_hole rect (at 0 0 67.5) (size 1.8 1.8) (drill 0.9) (layers *.Cu *.Mask)
      (net 6 "Net-(D4-Pad1)"))
    (pad 2 thru_hole circle (at 2.54 0 67.5) (size 1.8 1.8) (drill 0.9) (layers *.Cu *.Mask)
      (net 1 VCC))
    (model ${KISYS3DMOD}/LEDs.3dshapes/LED_D3.0mm.wrl
      (at (xyz 0 0 0))
      (scale (xyz 0.393701 0.393701 0.393701))
      (rotate (xyz 0 0 0))
    )
  )

  (module LEDs:LED_D3.0mm (layer B.Cu) (tedit 587A3A7B) (tstamp 6192F1DB)
    (at 105.000596 76.003282 112.5)
    (descr "LED, diameter 3.0mm, 2 pins")
    (tags "LED diameter 3.0mm 2 pins")
    (path /61961258)
    (fp_text reference D10 (at -2.609866 1.083098) (layer B.SilkS)
      (effects (font (size 1 1) (thickness 0.15)) (justify mirror))
    )
    (fp_text value LED (at 1.27 -2.96 292.5) (layer B.Fab)
      (effects (font (size 1 1) (thickness 0.15)) (justify mirror))
    )
    (fp_line (start 3.7 2.25) (end -1.15 2.25) (layer B.CrtYd) (width 0.05))
    (fp_line (start 3.7 -2.25) (end 3.7 2.25) (layer B.CrtYd) (width 0.05))
    (fp_line (start -1.15 -2.25) (end 3.7 -2.25) (layer B.CrtYd) (width 0.05))
    (fp_line (start -1.15 2.25) (end -1.15 -2.25) (layer B.CrtYd) (width 0.05))
    (fp_line (start -0.29 -1.08) (end -0.29 -1.236) (layer B.SilkS) (width 0.12))
    (fp_line (start -0.29 1.236) (end -0.29 1.08) (layer B.SilkS) (width 0.12))
    (fp_line (start -0.23 1.16619) (end -0.23 -1.16619) (layer B.Fab) (width 0.1))
    (fp_circle (center 1.27 0) (end 2.77 0) (layer B.Fab) (width 0.1))
    (fp_arc (start 1.27 0) (end -0.23 1.16619) (angle -284.3) (layer B.Fab) (width 0.1))
    (fp_arc (start 1.27 0) (end -0.29 1.235516) (angle -108.8) (layer B.SilkS) (width 0.12))
    (fp_arc (start 1.27 0) (end -0.29 -1.235516) (angle 108.8) (layer B.SilkS) (width 0.12))
    (fp_arc (start 1.27 0) (end 0.229039 1.08) (angle -87.9) (layer B.SilkS) (width 0.12))
    (fp_arc (start 1.27 0) (end 0.229039 -1.08) (angle 87.9) (layer B.SilkS) (width 0.12))
    (pad 1 thru_hole rect (at 0 0 112.5) (size 1.8 1.8) (drill 0.9) (layers *.Cu *.Mask)
      (net 2 GND))
    (pad 2 thru_hole circle (at 2.54 0 112.5) (size 1.8 1.8) (drill 0.9) (layers *.Cu *.Mask)
      (net 5 "Net-(D10-Pad2)"))
    (model ${KISYS3DMOD}/LEDs.3dshapes/LED_D3.0mm.wrl
      (at (xyz 0 0 0))
      (scale (xyz 0.393701 0.393701 0.393701))
      (rotate (xyz 0 0 0))
    )
  )

  (module Resistors_THT:R_Axial_DIN0207_L6.3mm_D2.5mm_P7.62mm_Horizontal (layer F.Cu) (tedit 5874F706) (tstamp 6192F5BF)
    (at 106.000598 127.003281)
    (descr "Resistor, Axial_DIN0207 series, Axial, Horizontal, pin pitch=7.62mm, 0.25W = 1/4W, length*diameter=6.3*2.5mm^2, http://cdn-reichelt.de/documents/datenblatt/B400/1_4W%23YAG.pdf")
    (tags "Resistor Axial_DIN0207 series Axial Horizontal pin pitch 7.62mm 0.25W = 1/4W length 6.3mm diameter 2.5mm")
    (path /618DBF07)
    (fp_text reference R12 (at 9.62 0 270) (layer F.SilkS)
      (effects (font (size 1 1) (thickness 0.15)))
    )
    (fp_text value R (at 3.81 2.31) (layer F.Fab)
      (effects (font (size 1 1) (thickness 0.15)))
    )
    (fp_line (start 0.66 -1.25) (end 0.66 1.25) (layer F.Fab) (width 0.1))
    (fp_line (start 0.66 1.25) (end 6.96 1.25) (layer F.Fab) (width 0.1))
    (fp_line (start 6.96 1.25) (end 6.96 -1.25) (layer F.Fab) (width 0.1))
    (fp_line (start 6.96 -1.25) (end 0.66 -1.25) (layer F.Fab) (width 0.1))
    (fp_line (start 0 0) (end 0.66 0) (layer F.Fab) (width 0.1))
    (fp_line (start 7.62 0) (end 6.96 0) (layer F.Fab) (width 0.1))
    (fp_line (start 0.6 -0.98) (end 0.6 -1.31) (layer F.SilkS) (width 0.12))
    (fp_line (start 0.6 -1.31) (end 7.02 -1.31) (layer F.SilkS) (width 0.12))
    (fp_line (start 7.02 -1.31) (end 7.02 -0.98) (layer F.SilkS) (width 0.12))
    (fp_line (start 0.6 0.98) (end 0.6 1.31) (layer F.SilkS) (width 0.12))
    (fp_line (start 0.6 1.31) (end 7.02 1.31) (layer F.SilkS) (width 0.12))
    (fp_line (start 7.02 1.31) (end 7.02 0.98) (layer F.SilkS) (width 0.12))
    (fp_line (start -1.05 -1.6) (end -1.05 1.6) (layer F.CrtYd) (width 0.05))
    (fp_line (start -1.05 1.6) (end 8.7 1.6) (layer F.CrtYd) (width 0.05))
    (fp_line (start 8.7 1.6) (end 8.7 -1.6) (layer F.CrtYd) (width 0.05))
    (fp_line (start 8.7 -1.6) (end -1.05 -1.6) (layer F.CrtYd) (width 0.05))
    (pad 1 thru_hole circle (at 0 0) (size 1.6 1.6) (drill 0.8) (layers *.Cu *.Mask)
      (net 4 sring2vcc))
    (pad 2 thru_hole oval (at 7.62 0) (size 1.6 1.6) (drill 0.8) (layers *.Cu *.Mask)
      (net 5 "Net-(D10-Pad2)"))
    (model ${KISYS3DMOD}/Resistors_THT.3dshapes/R_Axial_DIN0207_L6.3mm_D2.5mm_P7.62mm_Horizontal.wrl
      (at (xyz 0 0 0))
      (scale (xyz 0.393701 0.393701 0.393701))
      (rotate (xyz 0 0 0))
    )
  )

  (module Mounting_Holes:MountingHole_3.2mm_M3_DIN965 (layer F.Cu) (tedit 56D1B4CB) (tstamp 6194551F)
    (at 225 120)
    (descr "Mounting Hole 3.2mm, no annular, M3, DIN965")
    (tags "mounting hole 3.2mm no annular m3 din965")
    (path /61A3549B)
    (attr virtual)
    (fp_text reference H2 (at 0 -3.8) (layer Cmts.User)
      (effects (font (size 1 1) (thickness 0.15)))
    )
    (fp_text value MountingHole (at 0 3.8) (layer F.Fab)
      (effects (font (size 1 1) (thickness 0.15)))
    )
